1    654   0.00757172  -0.053344  
2    330   0.00382059  -0.030687  
3    347   0.00401741  -0.0319767 
4    308   0.00356589  -0.0289961 
5    359   0.00415634  -0.0328786 
6    276   0.00319541  -0.0264892 
7    298   0.00345011  -0.028219  
8    364   0.00421423  -0.0332525 
9    450   0.0052099   -0.0395146 
10   366   0.00423739  -0.0334017 
11   389   0.00450367  -0.0351047 
12   401   0.0046426   -0.0359841 
13   378   0.00437632  -0.0342931 
14   333   0.00385533  -0.0309156 
15   344   0.00398268  -0.0317501 
16   323   0.00373955  -0.0301517 
17   415   0.00480469  -0.0370025 
18   372   0.00430685  -0.0338482 
19   458   0.00530252  -0.0400823 
20   350   0.00405215  -0.0322028 
21   375   0.00434158  -0.0340709 
22   304   0.00351958  -0.0286859 
23   313   0.00362378  -0.0293826 
24   302   0.00349642  -0.0285305 
25   318   0.00368166  -0.0297678 
26   343   0.0039711   -0.0316745 
27   348   0.00402899  -0.0320521 
28   268   0.00310279  -0.0258531 
29   322   0.00372797  -0.030075  
30   266   0.00307963  -0.0256934 
31   315   0.00364693  -0.0295369 
32   262   0.00303332  -0.0253734 
33   435   0.00503624  -0.0384438 
34   363   0.00420265  -0.0331778 
35   395   0.00457314  -0.0355452 
36   375   0.00434158  -0.0340709 
37   392   0.0045384   -0.0353251 
38   335   0.00387848  -0.0310678 
39   339   0.00392479  -0.0313715 
40   311   0.00360062  -0.0292282 
41   376   0.00435316  -0.034145  
42   319   0.00369324  -0.0298447 
43   336   0.00389006  -0.0311438 
44   303   0.003508    -0.0286082 
45   318   0.00368166  -0.0297678 
46   287   0.00332276  -0.0273576 
47   324   0.00375113  -0.0302283 
48   235   0.00272073  -0.0231855 
49   362   0.00419108  -0.0331031 
50   340   0.00393637  -0.0314473 
51   361   0.0041795   -0.0330283 
52   313   0.00362378  -0.0293826 
53   380   0.00439947  -0.0344411 
54   303   0.003508    -0.0286082 
55   298   0.00345011  -0.028219  
56   251   0.00290597  -0.0244879 
57   366   0.00423739  -0.0334017 
58   266   0.00307963  -0.0256934 
59   295   0.00341538  -0.0279847 
60   262   0.00303332  -0.0253734 
61   311   0.00360062  -0.0292282 
62   249   0.00288281  -0.0243261 
63   244   0.00282492  -0.0239202 
64   226   0.00261653  -0.0224449 
65   449   0.00519832  -0.0394435 
66   320   0.00370482  -0.0299215 
67   366   0.00423739  -0.0334017 
68   330   0.00382059  -0.030687  
69   323   0.00373955  -0.0301517 
70   264   0.00305648  -0.0255335 
71   352   0.0040753   -0.0323533 
72   297   0.00343853  -0.0281409 
73   407   0.00471207  -0.0364216 
74   337   0.00390164  -0.0312197 
75   349   0.00404057  -0.0321275 
76   328   0.00379744  -0.0305343 
77   352   0.0040753   -0.0323533 
78   321   0.0037164   -0.0299983 
79   312   0.0036122   -0.0293054 
80   259   0.00299859  -0.0251327 
81   402   0.00465418  -0.0360571 
82   289   0.00334591  -0.0275147 
83   355   0.00411003  -0.0325787 
84   287   0.00332276  -0.0273576 
85   320   0.00370482  -0.0299215 
86   282   0.00326487  -0.0269638 
87   291   0.00336907  -0.0276716 
88   219   0.00253549  -0.0218648 
89   331   0.00383217  -0.0307632 
90   235   0.00272073  -0.0231855 
91   284   0.00328803  -0.0271215 
92   256   0.00296385  -0.0248914 
93   293   0.00339222  -0.0278283 
94   258   0.00298701  -0.0250523 
95   266   0.00307963  -0.0256934 
96   210   0.00243129  -0.0211135 
97   402   0.00465418  -0.0360571 
98   287   0.00332276  -0.0273576 
99   378   0.00437632  -0.0342931 
100  338   0.00391321  -0.0312957 
101  345   0.00399426  -0.0318257 
102  301   0.00348484  -0.0284527 
103  285   0.0032996   -0.0272003 
104  277   0.00320698  -0.0265685 
105  354   0.00409846  -0.0325036 
106  282   0.00326487  -0.0269638 
107  305   0.00353116  -0.0287635 
108  285   0.0032996   -0.0272003 
109  303   0.003508    -0.0286082 
110  275   0.00318383  -0.0264099 
111  316   0.00365851  -0.0296139 
112  201   0.00232709  -0.0203556 
113  320   0.00370482  -0.0299215 
114  295   0.00341538  -0.0279847 
115  335   0.00387848  -0.0310678 
116  220   0.00254706  -0.0219479 
117  259   0.00299859  -0.0251327 
118  209   0.00241971  -0.0210296 
119  263   0.0030449   -0.0254535 
120  178   0.00206081  -0.0183877 
121  295   0.00341538  -0.0279847 
122  222   0.00257022  -0.0221139 
123  282   0.00326487  -0.0269638 
124  217   0.00251233  -0.0216984 
125  268   0.00310279  -0.0258531 
126  202   0.00233867  -0.0204402 
127  197   0.00228078  -0.0200167 
128  147   0.0017019   -0.0156552 
129  1777  0.0205733   -0.115274  
130  666   0.00771065  -0.0541205 
131  562   0.00650659  -0.0472631 
132  519   0.00600875  -0.0443369 
133  507   0.00586982  -0.0435099 
134  359   0.00415634  -0.0328786 
135  364   0.00421423  -0.0332525 
136  493   0.00570774  -0.042539  
137  504   0.00583509  -0.0433024 
138  429   0.00496677  -0.0380131 
139  403   0.00466576  -0.0361301 
140  355   0.00411003  -0.0325787 
141  395   0.00457314  -0.0355452 
142  355   0.00411003  -0.0325787 
143  358   0.00414477  -0.0328037 
144  330   0.00382059  -0.030687  
145  479   0.00554565  -0.0415615 
146  386   0.00446894  -0.0348839 
147  395   0.00457314  -0.0355452 
148  352   0.0040753   -0.0323533 
149  388   0.00449209  -0.0350311 
150  283   0.00327645  -0.0270427 
151  295   0.00341538  -0.0279847 
152  237   0.00274388  -0.0233492 
153  357   0.00413319  -0.0327288 
154  318   0.00368166  -0.0297678 
155  357   0.00413319  -0.0327288 
156  283   0.00327645  -0.0270427 
157  405   0.00468891  -0.0362759 
158  321   0.0037164   -0.0299983 
159  398   0.00460787  -0.0357648 
160  314   0.00363535  -0.0294598 
161  498   0.00576562  -0.0428865 
162  401   0.0046426   -0.0359841 
163  472   0.00546461  -0.0410702 
164  408   0.00472364  -0.0364943 
165  478   0.00553407  -0.0414914 
166  359   0.00415634  -0.0328786 
167  450   0.0052099   -0.0395146 
168  326   0.00377428  -0.0303814 
169  420   0.00486257  -0.0373643 
170  383   0.0044342   -0.0346627 
171  403   0.00466576  -0.0361301 
172  346   0.00400583  -0.0319012 
173  411   0.00475838  -0.0367124 
174  310   0.00358904  -0.0291509 
175  321   0.0037164   -0.0299983 
176  311   0.00360062  -0.0292282 
177  445   0.00515201  -0.0391586 
178  356   0.00412161  -0.0326538 
179  409   0.00473522  -0.036567  
180  333   0.00385533  -0.0309156 
181  372   0.00430685  -0.0338482 
182  295   0.00341538  -0.0279847 
183  335   0.00387848  -0.0310678 
184  286   0.00331118  -0.027279  
185  381   0.00441105  -0.034515  
186  328   0.00379744  -0.0305343 
187  352   0.0040753   -0.0323533 
188  306   0.00354273  -0.0288411 
189  314   0.00363535  -0.0294598 
190  288   0.00333434  -0.0274362 
191  302   0.00349642  -0.0285305 
192  244   0.00282492  -0.0239202 
193  531   0.00614768  -0.0451593 
194  343   0.0039711   -0.0316745 
195  390   0.00451525  -0.0351782 
196  379   0.00438789  -0.0343671 
197  362   0.00419108  -0.0331031 
198  336   0.00389006  -0.0311438 
199  343   0.0039711   -0.0316745 
200  344   0.00398268  -0.0317501 
201  431   0.00498993  -0.0381568 
202  353   0.00408688  -0.0324285 
203  378   0.00437632  -0.0342931 
204  333   0.00385533  -0.0309156 
205  375   0.00434158  -0.0340709 
206  324   0.00375113  -0.0302283 
207  312   0.0036122   -0.0293054 
208  318   0.00368166  -0.0297678 
209  407   0.00471207  -0.0364216 
210  337   0.00390164  -0.0312197 
211  379   0.00438789  -0.0343671 
212  319   0.00369324  -0.0298447 
213  330   0.00382059  -0.030687  
214  275   0.00318383  -0.0264099 
215  302   0.00349642  -0.0285305 
216  248   0.00287123  -0.024245  
217  375   0.00434158  -0.0340709 
218  297   0.00343853  -0.0281409 
219  338   0.00391321  -0.0312957 
220  285   0.0032996   -0.0272003 
221  284   0.00328803  -0.0271215 
222  242   0.00280177  -0.0237575 
223  269   0.00311436  -0.0259328 
224  198   0.00229236  -0.0201016 
225  423   0.00489731  -0.0375809 
226  283   0.00327645  -0.0270427 
227  362   0.00419108  -0.0331031 
228  319   0.00369324  -0.0298447 
229  369   0.00427212  -0.0336251 
230  327   0.00378586  -0.0304579 
231  308   0.00356589  -0.0289961 
232  256   0.00296385  -0.0248914 
233  378   0.00437632  -0.0342931 
234  316   0.00365851  -0.0296139 
235  312   0.0036122   -0.0293054 
236  294   0.0034038   -0.0279065 
237  342   0.00395952  -0.0315988 
238  291   0.00336907  -0.0276716 
239  258   0.00298701  -0.0250523 
240  256   0.00296385  -0.0248914 
241  313   0.00362378  -0.0293826 
242  328   0.00379744  -0.0305343 
243  331   0.00383217  -0.0307632 
244  311   0.00360062  -0.0292282 
245  320   0.00370482  -0.0299215 
246  307   0.00355431  -0.0289186 
247  308   0.00356589  -0.0289961 
248  231   0.00267442  -0.0228571 
249  306   0.00354273  -0.0288411 
250  270   0.00312594  -0.0260125 
251  307   0.00355431  -0.0289186 
252  308   0.00356589  -0.0289961 
253  289   0.00334591  -0.0275147 
254  249   0.00288281  -0.0243261 
255  260   0.00301017  -0.025213  
256  210   0.00243129  -0.0211135 
86374      1           7.94304    
