1    314   0.00271669  -0.0231569 
2    421   0.00364244  -0.0295069 
3    460   0.00397986  -0.0317317 
4    430   0.0037203   -0.0300242 
5    506   0.00437784  -0.0343029 
6    524   0.00453358  -0.0352945 
7    496   0.00429133  -0.0337485 
8    538   0.0046547   -0.0360604 
9    580   0.00501808  -0.0383314 
10   665   0.00575349  -0.0428137 
11   555   0.00480179  -0.0369844 
12   443   0.00383278  -0.0307672 
13   471   0.00407503  -0.0323515 
14   486   0.00420481  -0.0331917 
15   455   0.0039366   -0.0314488 
16   501   0.00433458  -0.034026  
17   406   0.00351266  -0.0286395 
18   831   0.0071897   -0.0511896 
19   507   0.0043865   -0.0343582 
20   433   0.00374626  -0.0301961 
21   674   0.00583136  -0.0432801 
22   421   0.00364244  -0.0295069 
23   405   0.00350401  -0.0285814 
24   358   0.00309737  -0.0258158 
25   483   0.00417885  -0.0330241 
26   521   0.00450762  -0.0351298 
27   443   0.00383278  -0.0307672 
28   337   0.00291568  -0.0245557 
29   427   0.00369435  -0.029852  
30   373   0.00322715  -0.0267063 
31   462   0.00399716  -0.0318446 
32   414   0.00358187  -0.029103  
33   401   0.0034694   -0.0283488 
34   477   0.00412694  -0.0326883 
35   538   0.0046547   -0.0360604 
36   447   0.00386738  -0.0309949 
37   720   0.00622934  -0.0456406 
38   467   0.00404042  -0.0321265 
39   567   0.00490561  -0.0376326 
40   438   0.00378952  -0.030482  
41   459   0.00397121  -0.0316752 
42   538   0.0046547   -0.0360604 
43   454   0.00392795  -0.0313922 
44   297   0.0025696   -0.0221095 
45   384   0.00332232  -0.0273546 
46   339   0.00293298  -0.0246764 
47   400   0.00346075  -0.0282906 
48   385   0.00333097  -0.0274133 
49   422   0.00365109  -0.0295645 
50   465   0.00402312  -0.0320138 
51   334   0.00288972  -0.0243744 
52   321   0.00277725  -0.0235848 
53   435   0.00376356  -0.0303105 
54   325   0.00281186  -0.0238284 
55   381   0.00329636  -0.0271782 
56   392   0.00339153  -0.0278236 
57   460   0.00397986  -0.0317317 
58   443   0.00383278  -0.0307672 
59   392   0.00339153  -0.0278236 
60   386   0.00333962  -0.0274721 
61   439   0.00379817  -0.0305391 
62   388   0.00335692  -0.0275894 
63   416   0.00359918  -0.0292185 
64   418   0.00361648  -0.029334  
65   350   0.00302815  -0.0253376 
66   480   0.0041529   -0.0328563 
67   455   0.0039366   -0.0314488 
68   515   0.00445571  -0.0347997 
69   505   0.00436919  -0.0342476 
70   471   0.00407503  -0.0323515 
71   443   0.00383278  -0.0307672 
72   482   0.0041702   -0.0329682 
73   462   0.00399716  -0.0318446 
74   355   0.00307141  -0.0256367 
75   499   0.00431728  -0.0339151 
76   372   0.00321849  -0.0266472 
77   368   0.00318389  -0.0264103 
78   404   0.00349535  -0.0285233 
79   413   0.00357322  -0.0290451 
80   458   0.00396255  -0.0316186 
81   330   0.00285512  -0.0241321 
82   471   0.00407503  -0.0323515 
83   585   0.00506134  -0.0385991 
84   438   0.00378952  -0.030482  
85   454   0.00392795  -0.0313922 
86   376   0.0032531   -0.0268835 
87   382   0.00330501  -0.027237  
88   386   0.00333962  -0.0274721 
89   396   0.00342614  -0.0280573 
90   329   0.00284646  -0.0240714 
91   395   0.00341749  -0.027999  
92   388   0.00335692  -0.0275894 
93   471   0.00407503  -0.0323515 
94   375   0.00324445  -0.0268245 
95   426   0.0036857   -0.0297946 
96   448   0.00387604  -0.0310517 
97   435   0.00376356  -0.0303105 
98   553   0.00478448  -0.036876  
99   459   0.00397121  -0.0316752 
100  419   0.00362513  -0.0293917 
101  503   0.00435189  -0.0341368 
102  390   0.00337423  -0.0277065 
103  386   0.00333962  -0.0274721 
104  401   0.0034694   -0.0283488 
105  360   0.00311467  -0.025935  
106  509   0.0044038   -0.0344687 
107  388   0.00335692  -0.0275894 
108  366   0.00316658  -0.0262917 
109  382   0.00330501  -0.027237  
110  389   0.00336558  -0.027648  
111  434   0.00375491  -0.0302533 
112  471   0.00407503  -0.0323515 
113  477   0.00412694  -0.0326883 
114  451   0.00390199  -0.0312221 
115  427   0.00369435  -0.029852  
116  419   0.00362513  -0.0293917 
117  512   0.00442976  -0.0346343 
118  385   0.00333097  -0.0274133 
119  390   0.00337423  -0.0277065 
120  438   0.00378952  -0.030482  
121  426   0.0036857   -0.0297946 
122  395   0.00341749  -0.027999  
123  466   0.00403177  -0.0320702 
124  421   0.00364244  -0.0295069 
125  410   0.00354727  -0.0288715 
126  402   0.00347805  -0.028407  
127  426   0.0036857   -0.0297946 
128  445   0.00385008  -0.0308811 
129  272   0.00235331  -0.020547  
130  320   0.0027686   -0.0235237 
131  378   0.00327041  -0.0270015 
132  368   0.00318389  -0.0264103 
133  412   0.00356457  -0.0289873 
134  474   0.00410098  -0.03252   
135  405   0.00350401  -0.0285814 
136  417   0.00360783  -0.0292763 
137  433   0.00374626  -0.0301961 
138  449   0.00388469  -0.0311085 
139  494   0.00427402  -0.0336374 
140  440   0.00380682  -0.0305962 
141  424   0.00366839  -0.0296796 
142  470   0.00406638  -0.0322953 
143  444   0.00384143  -0.0308242 
144  439   0.00379817  -0.0305391 
145  485   0.00419615  -0.0331358 
146  503   0.00435189  -0.0341368 
147  613   0.00530359  -0.0400889 
148  475   0.00410964  -0.0325762 
149  610   0.00527764  -0.03993   
150  524   0.00453358  -0.0352945 
151  438   0.00378952  -0.030482  
152  465   0.00402312  -0.0320138 
153  494   0.00427402  -0.0336374 
154  393   0.00340018  -0.0278821 
155  470   0.00406638  -0.0322953 
156  490   0.00423941  -0.0334147 
157  462   0.00399716  -0.0318446 
158  493   0.00426537  -0.0335817 
159  449   0.00388469  -0.0311085 
160  489   0.00423076  -0.033359  
161  397   0.00343479  -0.0281157 
162  555   0.00480179  -0.0369844 
163  842   0.00728487  -0.051729  
164  570   0.00493156  -0.0377942 
165  633   0.00547663  -0.0411432 
166  476   0.00411829  -0.0326322 
167  467   0.00404042  -0.0321265 
168  479   0.00414424  -0.0328003 
169  581   0.00502673  -0.038385  
170  641   0.00554585  -0.0415627 
171  543   0.00469796  -0.0363329 
172  414   0.00358187  -0.029103  
173  457   0.0039539   -0.0315621 
174  404   0.00349535  -0.0285233 
175  421   0.00364244  -0.0295069 
176  449   0.00388469  -0.0311085 
177  482   0.0041702   -0.0329682 
178  500   0.00432593  -0.0339706 
179  487   0.00421346  -0.0332475 
180  414   0.00358187  -0.029103  
181  508   0.00439515  -0.0344134 
182  423   0.00365974  -0.0296221 
183  410   0.00354727  -0.0288715 
184  400   0.00346075  -0.0282906 
185  535   0.00462875  -0.0358967 
186  388   0.00335692  -0.0275894 
187  489   0.00423076  -0.033359  
188  453   0.0039193   -0.0313355 
189  527   0.00455953  -0.035459  
190  438   0.00378952  -0.030482  
191  434   0.00375491  -0.0302533 
192  472   0.00408368  -0.0324077 
193  405   0.00350401  -0.0285814 
194  420   0.00363378  -0.0294493 
195  492   0.00425672  -0.0335261 
196  481   0.00416155  -0.0329123 
197  737   0.00637643  -0.0465035 
198  585   0.00506134  -0.0385991 
199  491   0.00424807  -0.0334704 
200  471   0.00407503  -0.0323515 
201  784   0.00678306  -0.0488642 
202  556   0.00481044  -0.0370385 
203  560   0.00484505  -0.0372549 
204  413   0.00357322  -0.0290451 
205  703   0.00608226  -0.0447726 
206  404   0.00349535  -0.0285233 
207  483   0.00417885  -0.0330241 
208  409   0.00353861  -0.0288135 
209  507   0.0043865   -0.0343582 
210  548   0.00474122  -0.0366047 
211  597   0.00516516  -0.0392396 
212  552   0.00477583  -0.0368218 
213  598   0.00517382  -0.0392928 
214  428   0.003703    -0.0299095 
215  303   0.00262152  -0.0224805 
216  368   0.00318389  -0.0264103 
217  448   0.00387604  -0.0310517 
218  359   0.00310602  -0.0258754 
219  354   0.00306276  -0.025577  
220  402   0.00347805  -0.028407  
221  397   0.00343479  -0.0281157 
222  383   0.00331366  -0.0272958 
223  409   0.00353861  -0.0288135 
224  394   0.00340884  -0.0279405 
225  405   0.00350401  -0.0285814 
226  448   0.00387604  -0.0310517 
227  412   0.00356457  -0.0289873 
228  486   0.00420481  -0.0331917 
229  354   0.00306276  -0.025577  
230  456   0.00394525  -0.0315055 
231  339   0.00293298  -0.0246764 
232  411   0.00355592  -0.0289294 
233  415   0.00359052  -0.0291608 
234  500   0.00432593  -0.0339706 
235  378   0.00327041  -0.0270015 
236  395   0.00341749  -0.027999  
237  326   0.00282051  -0.0238892 
238  457   0.0039539   -0.0315621 
239  418   0.00361648  -0.029334  
240  342   0.00295894  -0.0248572 
241  491   0.00424807  -0.0334704 
242  425   0.00367704  -0.0297371 
243  432   0.00373761  -0.0301388 
244  421   0.00364244  -0.0295069 
245  424   0.00366839  -0.0296796 
246  449   0.00388469  -0.0311085 
247  362   0.00313198  -0.026054  
248  436   0.00377221  -0.0303677 
249  488   0.00422211  -0.0333032 
250  444   0.00384143  -0.0308242 
251  387   0.00334827  -0.0275307 
252  407   0.00352131  -0.0286975 
253  427   0.00369435  -0.029852  
254  447   0.00386738  -0.0309949 
255  429   0.00371165  -0.0299668 
256  464   0.00401447  -0.0319575 
115582     1           7.97708    
