1    189   0.00548176  -0.0411743 
2    196   0.00568478  -0.042401  
3    163   0.00472765  -0.0365195 
4    138   0.00400255  -0.0318798 
5    147   0.00426359  -0.0335703 
6    135   0.00391554  -0.0313109 
7    127   0.00368351  -0.0297801 
8    126   0.0036545   -0.0295873 
9    148   0.00429259  -0.0337567 
10   144   0.00417658  -0.0330094 
11   135   0.00391554  -0.0313109 
12   129   0.00374152  -0.0301647 
13   152   0.00440861  -0.0344994 
14   133   0.00385753  -0.0309301 
15   127   0.00368351  -0.0297801 
16   111   0.00321944  -0.0266537 
17   177   0.00513371  -0.0390459 
18   120   0.00348048  -0.0284233 
19   120   0.00348048  -0.0284233 
20   93    0.00269737  -0.02302   
21   133   0.00385753  -0.0309301 
22   131   0.00379952  -0.030548  
23   135   0.00391554  -0.0313109 
24   135   0.00391554  -0.0313109 
25   162   0.00469865  -0.0363372 
26   126   0.0036545   -0.0295873 
27   142   0.00411857  -0.0326341 
28   130   0.00377052  -0.0303565 
29   153   0.00443761  -0.0346844 
30   136   0.00394454  -0.0315008 
31   131   0.00379952  -0.030548  
32   93    0.00269737  -0.02302   
33   174   0.0050467   -0.0385085 
34   139   0.00403156  -0.0320688 
35   153   0.00443761  -0.0346844 
36   127   0.00368351  -0.0297801 
37   133   0.00385753  -0.0309301 
38   126   0.0036545   -0.0295873 
39   118   0.00342247  -0.0280326 
40   122   0.00353849  -0.0288127 
41   146   0.00423458  -0.0333836 
42   116   0.00336446  -0.0276404 
43   124   0.0035965   -0.0292006 
44   108   0.00313243  -0.0260571 
45   118   0.00342247  -0.0280326 
46   131   0.00379952  -0.030548  
47   130   0.00377052  -0.0303565 
48   136   0.00394454  -0.0315008 
49   159   0.00461164  -0.0357886 
50   117   0.00339347  -0.0278367 
51   121   0.00350948  -0.0286182 
52   139   0.00403156  -0.0320688 
53   126   0.0036545   -0.0295873 
54   112   0.00324845  -0.0268518 
55   137   0.00397355  -0.0316905 
56   112   0.00324845  -0.0268518 
57   182   0.00527873  -0.0399367 
58   130   0.00377052  -0.0303565 
59   121   0.00350948  -0.0286182 
60   136   0.00394454  -0.0315008 
61   131   0.00379952  -0.030548  
62   151   0.0043796   -0.0343141 
63   128   0.00371251  -0.0299726 
64   93    0.00269737  -0.02302   
65   195   0.00565578  -0.0422264 
66   153   0.00443761  -0.0346844 
67   152   0.00440861  -0.0344994 
68   132   0.00382853  -0.0307392 
69   134   0.00388654  -0.0311207 
70   136   0.00394454  -0.0315008 
71   142   0.00411857  -0.0326341 
72   139   0.00403156  -0.0320688 
73   152   0.00440861  -0.0344994 
74   134   0.00388654  -0.0311207 
75   121   0.00350948  -0.0286182 
76   167   0.00484367  -0.0372463 
77   143   0.00414757  -0.0328219 
78   131   0.00379952  -0.030548  
79   139   0.00403156  -0.0320688 
80   105   0.00304542  -0.0254571 
81   166   0.00481466  -0.037065  
82   140   0.00406056  -0.0322575 
83   112   0.00324845  -0.0268518 
84   109   0.00316144  -0.0262564 
85   155   0.00449562  -0.0350535 
86   142   0.00411857  -0.0326341 
87   119   0.00345148  -0.0282281 
88   113   0.00327745  -0.0270495 
89   117   0.00339347  -0.0278367 
90   112   0.00324845  -0.0268518 
91   121   0.00350948  -0.0286182 
92   131   0.00379952  -0.030548  
93   133   0.00385753  -0.0309301 
94   128   0.00371251  -0.0299726 
95   114   0.00330646  -0.0272468 
96   83    0.00240733  -0.0209398 
97   168   0.00487267  -0.0374273 
98   152   0.00440861  -0.0344994 
99   129   0.00374152  -0.0301647 
100  115   0.00333546  -0.0274438 
101  119   0.00345148  -0.0282281 
102  133   0.00385753  -0.0309301 
103  123   0.00356749  -0.0290068 
104  94    0.00272638  -0.0232255 
105  134   0.00388654  -0.0311207 
106  116   0.00336446  -0.0276404 
107  127   0.00368351  -0.0297801 
108  108   0.00313243  -0.0260571 
109  118   0.00342247  -0.0280326 
110  131   0.00379952  -0.030548  
111  127   0.00368351  -0.0297801 
112  87    0.00252335  -0.0217776 
113  145   0.00420558  -0.0331967 
114  117   0.00339347  -0.0278367 
115  101   0.0029294   -0.0246515 
116  83    0.00240733  -0.0209398 
117  117   0.00339347  -0.0278367 
118  105   0.00304542  -0.0254571 
119  98    0.00284239  -0.0240429 
120  105   0.00304542  -0.0254571 
121  117   0.00339347  -0.0278367 
122  100   0.0029004   -0.024449  
123  128   0.00371251  -0.0299726 
124  102   0.00295841  -0.0248535 
125  96    0.00278438  -0.023635  
126  89    0.00258136  -0.0221936 
127  79    0.00229132  -0.0200939 
128  205   0.00594582  -0.0439629 
129  197   0.00571379  -0.0425754 
130  238   0.00690295  -0.0495533 
131  211   0.00611984  -0.0449949 
132  171   0.00495968  -0.037969  
133  174   0.0050467   -0.0385085 
134  162   0.00469865  -0.0363372 
135  182   0.00527873  -0.0399367 
136  159   0.00461164  -0.0357886 
137  160   0.00464064  -0.0359717 
138  199   0.0057718   -0.0429235 
139  163   0.00472765  -0.0365195 
140  177   0.00513371  -0.0390459 
141  221   0.00640988  -0.0466991 
142  153   0.00443761  -0.0346844 
143  169   0.00490168  -0.0376082 
144  150   0.0043506   -0.0341286 
145  174   0.0050467   -0.0385085 
146  108   0.00313243  -0.0260571 
147  117   0.00339347  -0.0278367 
148  139   0.00403156  -0.0320688 
149  146   0.00423458  -0.0333836 
150  149   0.0043216   -0.0339428 
151  133   0.00385753  -0.0309301 
152  131   0.00379952  -0.030548  
153  166   0.00481466  -0.037065  
154  148   0.00429259  -0.0337567 
155  125   0.0036255   -0.0293941 
156  132   0.00382853  -0.0307392 
157  139   0.00403156  -0.0320688 
158  125   0.0036255   -0.0293941 
159  120   0.00348048  -0.0284233 
160  98    0.00284239  -0.0240429 
161  191   0.00553976  -0.0415259 
162  125   0.0036255   -0.0293941 
163  162   0.00469865  -0.0363372 
164  145   0.00420558  -0.0331967 
165  152   0.00440861  -0.0344994 
166  142   0.00411857  -0.0326341 
167  167   0.00484367  -0.0372463 
168  132   0.00382853  -0.0307392 
169  128   0.00371251  -0.0299726 
170  114   0.00330646  -0.0272468 
171  140   0.00406056  -0.0322575 
172  152   0.00440861  -0.0344994 
173  131   0.00379952  -0.030548  
174  133   0.00385753  -0.0309301 
175  119   0.00345148  -0.0282281 
176  129   0.00374152  -0.0301647 
177  157   0.00455363  -0.0354216 
178  142   0.00411857  -0.0326341 
179  130   0.00377052  -0.0303565 
180  115   0.00333546  -0.0274438 
181  145   0.00420558  -0.0331967 
182  125   0.0036255   -0.0293941 
183  141   0.00408956  -0.0324459 
184  135   0.00391554  -0.0313109 
185  159   0.00461164  -0.0357886 
186  124   0.0035965   -0.0292006 
187  131   0.00379952  -0.030548  
188  107   0.00310343  -0.0258575 
189  131   0.00379952  -0.030548  
190  88    0.00255235  -0.0219858 
191  116   0.00336446  -0.0276404 
192  95    0.00275538  -0.0234305 
193  187   0.00542375  -0.0408218 
194  128   0.00371251  -0.0299726 
195  152   0.00440861  -0.0344994 
196  138   0.00400255  -0.0318798 
197  136   0.00394454  -0.0315008 
198  127   0.00368351  -0.0297801 
199  128   0.00371251  -0.0299726 
200  102   0.00295841  -0.0248535 
201  147   0.00426359  -0.0335703 
202  150   0.0043506   -0.0341286 
203  169   0.00490168  -0.0376082 
204  132   0.00382853  -0.0307392 
205  144   0.00417658  -0.0330094 
206  135   0.00391554  -0.0313109 
207  144   0.00417658  -0.0330094 
208  122   0.00353849  -0.0288127 
209  183   0.00530773  -0.0401142 
210  139   0.00403156  -0.0320688 
211  120   0.00348048  -0.0284233 
212  121   0.00350948  -0.0286182 
213  146   0.00423458  -0.0333836 
214  123   0.00356749  -0.0290068 
215  125   0.0036255   -0.0293941 
216  116   0.00336446  -0.0276404 
217  124   0.0035965   -0.0292006 
218  129   0.00374152  -0.0301647 
219  151   0.0043796   -0.0343141 
220  174   0.0050467   -0.0385085 
221  153   0.00443761  -0.0346844 
222  149   0.0043216   -0.0339428 
223  137   0.00397355  -0.0316905 
224  126   0.0036545   -0.0295873 
225  169   0.00490168  -0.0376082 
226  126   0.0036545   -0.0295873 
227  129   0.00374152  -0.0301647 
228  129   0.00374152  -0.0301647 
229  126   0.0036545   -0.0295873 
230  125   0.0036255   -0.0293941 
231  124   0.0035965   -0.0292006 
232  130   0.00377052  -0.0303565 
233  161   0.00466964  -0.0361546 
234  121   0.00350948  -0.0286182 
235  133   0.00385753  -0.0309301 
236  121   0.00350948  -0.0286182 
237  141   0.00408956  -0.0324459 
238  148   0.00429259  -0.0337567 
239  127   0.00368351  -0.0297801 
240  115   0.00333546  -0.0274438 
241  141   0.00408956  -0.0324459 
242  119   0.00345148  -0.0282281 
243  119   0.00345148  -0.0282281 
244  116   0.00336446  -0.0276404 
245  123   0.00356749  -0.0290068 
246  126   0.0036545   -0.0295873 
247  136   0.00394454  -0.0315008 
248  107   0.00310343  -0.0258575 
249  138   0.00400255  -0.0318798 
250  128   0.00371251  -0.0299726 
251  128   0.00371251  -0.0299726 
252  119   0.00345148  -0.0282281 
253  119   0.00345148  -0.0282281 
254  104   0.00301642  -0.0252563 
255  93    0.00269737  -0.02302   
256  90    0.00261036  -0.0224009 
34478      1           7.97647    
