1    259   0.000528173 -0.00575006
2    293   0.000597508 -0.00639857
3    281   0.000573037 -0.00617108
4    255   0.000520015 -0.00567293
5    273   0.000556722 -0.00601859
6    324   0.000660726 -0.00697968
7    304   0.00061994  -0.00660582
8    278   0.000566919 -0.00611398
9    291   0.000593429 -0.00636075
10   325   0.000662765 -0.00699828
11   289   0.000589351 -0.0063229 
12   267   0.000544487 -0.00590377
13   287   0.000585272 -0.00628501
14   259   0.000528173 -0.00575006
15   281   0.000573037 -0.00617108
16   297   0.000605665 -0.00647407
17   263   0.00053633  -0.005827  
18   252   0.000513898 -0.00561497
19   265   0.000540408 -0.00586541
20   233   0.000475151 -0.00524535
21   252   0.000513898 -0.00561497
22   241   0.000491466 -0.00540151
23   314   0.000640333 -0.00679322
24   274   0.000558762 -0.00603769
25   281   0.000573037 -0.00617108
26   256   0.000522055 -0.00569223
27   340   0.000693354 -0.00727614
28   300   0.000611783 -0.00653059
29   297   0.000605665 -0.00647407
30   222   0.000452719 -0.0050293 
31   273   0.000556722 -0.00601859
32   281   0.000573037 -0.00617108
33   269   0.000548565 -0.00594209
34   252   0.000513898 -0.00561497
35   301   0.000613822 -0.00654942
36   267   0.000544487 -0.00590377
37   242   0.000493505 -0.00542098
38   244   0.000497583 -0.00545987
39   206   0.000420091 -0.00471216
40   201   0.000409895 -0.00461232
41   215   0.000438444 -0.00489099
42   237   0.000483309 -0.00532353
43   248   0.000505741 -0.00553751
44   204   0.000416012 -0.00467227
45   262   0.00053429  -0.00580778
46   244   0.000497583 -0.00545987
47   274   0.000558762 -0.00603769
48   333   0.000679079 -0.00714672
49   279   0.000568958 -0.00613302
50   248   0.000505741 -0.00553751
51   299   0.000609744 -0.00651176
52   318   0.00064849  -0.00686792
53   351   0.000715786 -0.00747866
54   282   0.000575076 -0.00619009
55   342   0.000697433 -0.00731304
56   280   0.000570997 -0.00615206
57   294   0.000599547 -0.00641746
58   377   0.000768807 -0.00795338
59   254   0.000517976 -0.00565362
60   273   0.000556722 -0.00601859
61   375   0.000764729 -0.00791706
62   349   0.000711708 -0.00744192
63   403   0.000821828 -0.00842282
64   580   0.00118278  -0.0115009 
65   795   0.00162122  -0.0150266 
66   627   0.00127863  -0.0122891 
67   1141  0.00232681  -0.0203536 
68   846   0.00172523  -0.0158359 
69   1246  0.00254094  -0.021904  
70   1045  0.00213104  -0.0189114 
71   1140  0.00232478  -0.0203387 
72   1198  0.00244305  -0.0211986 
73   1237  0.00252258  -0.0217721 
74   1315  0.00268165  -0.0229084 
75   1222  0.002492    -0.021552  
76   1360  0.00277342  -0.0235577 
77   1468  0.00299366  -0.0250985 
78   1101  0.00224524  -0.0197557 
79   1655  0.003375    -0.0277118 
80   1593  0.00324857  -0.0268526 
81   1686  0.00343822  -0.0281388 
82   1591  0.00324449  -0.0268248 
83   1776  0.00362175  -0.0293692 
84   1982  0.00404185  -0.0321358 
85   2188  0.00446194  -0.0348393 
86   1975  0.00402757  -0.0320428 
87   5101  0.0104023   -0.0685197 
88   1917  0.00390929  -0.03127   
89   4925  0.0100434   -0.0666643 
90   2294  0.0046781   -0.0362078 
91   3789  0.00772682  -0.0542107 
92   3205  0.00653588  -0.0474335 
93   6393  0.0130371   -0.0816283 
94   2983  0.00608316  -0.0447779 
95   5434  0.0110814   -0.0719818 
96   2833  0.00577727  -0.0429563 
97   2846  0.00580378  -0.0431151 
98   4877  0.00994555  -0.0661552 
99   5917  0.0120664   -0.0768975 
100  4585  0.00935008  -0.0630271 
101  7249  0.0147827   -0.0898781 
102  3028  0.00617493  -0.04532   
103  9122  0.0186023   -0.106933  
104  5852  0.0119338   -0.0762429 
105  7265  0.0148153   -0.0900294 
106  4524  0.00922569  -0.0623668 
107  7992  0.0162979   -0.096796  
108  2096  0.00427432  -0.0336393 
109  2243  0.0045741   -0.0355512 
110  2781  0.00567123  -0.0423194 
111  4250  0.00866693  -0.0593707 
112  5280  0.0107674   -0.0703884 
113  4364  0.0088994   -0.0606234 
114  3704  0.00755348  -0.0532418 
115  6688  0.0136387   -0.0845073 
116  2867  0.00584661  -0.0433712 
117  5444  0.0111018   -0.0720848 
118  4262  0.0086914   -0.059503  
119  4497  0.00917063  -0.0620738 
120  4272  0.00871179  -0.0596132 
121  10053 0.0205008   -0.114972  
122  6914  0.0140996   -0.086687  
123  9030  0.0184147   -0.106124  
124  17143 0.0349593   -0.169139  
125  16508 0.0336644   -0.164707  
126  9753  0.0198891   -0.112411  
127  6109  0.0124579   -0.0788188 
128  140879 0.287291    -0.516956  
129  723   0.0014744   -0.0138677 
130  196   0.000399698 -0.00451211
131  201   0.000409895 -0.00461232
132  222   0.000452719 -0.0050293 
133  237   0.000483309 -0.00532353
134  306   0.000624019 -0.00664338
135  328   0.000668883 -0.00705401
136  368   0.000750454 -0.00778967
137  426   0.000868732 -0.00883396
138  450   0.000917674 -0.00925909
139  396   0.000807553 -0.00829693
140  379   0.000772886 -0.00798967
141  484   0.00098701  -0.00985495
142  484   0.00098701  -0.00985495
143  421   0.000858535 -0.0087449 
144  471   0.000960499 -0.00962797
145  522   0.0010645   -0.0105126 
146  544   0.00110937  -0.0108896 
147  566   0.00115423  -0.011264  
148  514   0.00104819  -0.0103748 
149  542   0.00110529  -0.0108554 
150  584   0.00119094  -0.0115684 
151  556   0.00113384  -0.0110941 
152  592   0.00120725  -0.0117032 
153  625   0.00127455  -0.0122558 
154  620   0.00126435  -0.0121724 
155  580   0.00118278  -0.0115009 
156  557   0.00113588  -0.0111111 
157  585   0.00119298  -0.0115853 
158  566   0.00115423  -0.011264  
159  540   0.00110121  -0.0108212 
160  550   0.0011216   -0.010992  
161  593   0.00120929  -0.01172   
162  544   0.00110937  -0.0108896 
163  537   0.00109509  -0.0107699 
164  533   0.00108693  -0.0107014 
165  519   0.00105838  -0.010461  
166  585   0.00119298  -0.0115853 
167  541   0.00110325  -0.0108383 
168  529   0.00107878  -0.0106328 
169  620   0.00126435  -0.0121724 
170  595   0.00121337  -0.0117536 
171  591   0.00120521  -0.0116863 
172  579   0.00118074  -0.011484  
173  625   0.00127455  -0.0122558 
174  644   0.00131329  -0.0125716 
175  718   0.0014642   -0.0137864 
176  654   0.00133369  -0.0127372 
177  709   0.00144585  -0.0136399 
178  738   0.00150499  -0.0141108 
179  653   0.00133165  -0.0127207 
180  712   0.00145196  -0.0136888 
181  660   0.00134592  -0.0128363 
182  641   0.00130718  -0.0125219 
183  615   0.00125416  -0.0120889 
184  707   0.00144177  -0.0136073 
185  680   0.00138671  -0.0131656 
186  630   0.00128474  -0.0123391 
187  669   0.00136428  -0.0129847 
188  682   0.00139079  -0.0131984 
189  684   0.00139487  -0.0132312 
190  686   0.00139894  -0.013264  
191  677   0.00138059  -0.0131163 
192  669   0.00136428  -0.0129847 
193  718   0.0014642   -0.0137864 
194  687   0.00140098  -0.0132804 
195  707   0.00144177  -0.0136073 
196  726   0.00148051  -0.0139164 
197  760   0.00154985  -0.0144658 
198  747   0.00152334  -0.0142562 
199  709   0.00144585  -0.0136399 
200  711   0.00144993  -0.0136725 
201  747   0.00152334  -0.0142562 
202  806   0.00164366  -0.015202  
203  748   0.00152538  -0.0142724 
204  769   0.0015682   -0.0146104 
205  718   0.0014642   -0.0137864 
206  827   0.00168648  -0.0155355 
207  741   0.0015111   -0.0141593 
208  745   0.00151926  -0.0142239 
209  840   0.00171299  -0.0157411 
210  772   0.00157432  -0.0146586 
211  809   0.00164977  -0.0152497 
212  736   0.00150091  -0.0140784 
213  697   0.00142138  -0.0134441 
214  711   0.00144993  -0.0136725 
215  669   0.00136428  -0.0129847 
216  642   0.00130922  -0.0125385 
217  565   0.00115219  -0.011247  
218  562   0.00114607  -0.0111961 
219  514   0.00104819  -0.0103748 
220  564   0.00115015  -0.01123   
221  567   0.00115627  -0.0112809 
222  588   0.00119909  -0.0116358 
223  513   0.00104615  -0.0103576 
224  547   0.00111548  -0.0109408 
225  581   0.00118482  -0.0115178 
226  543   0.00110733  -0.0108725 
227  536   0.00109305  -0.0107528 
228  511   0.00104207  -0.0103231 
229  470   0.00095846  -0.00961047
230  480   0.000978853 -0.00978522
231  486   0.000991088 -0.00988977
232  480   0.000978853 -0.00978522
233  475   0.000968656 -0.00969792
234  458   0.000933989 -0.00939995
235  404   0.000823868 -0.00844077
236  446   0.000909517 -0.0091885 
237  447   0.000911557 -0.00920616
238  438   0.000893203 -0.00904701
239  429   0.00087485  -0.00888732
240  431   0.000878928 -0.00892285
241  443   0.000903399 -0.00913549
242  433   0.000883007 -0.00895836
243  371   0.000756572 -0.00784431
244  362   0.000738218 -0.00768017
245  392   0.000799396 -0.00822483
246  354   0.000721904 -0.00753372
247  359   0.0007321   -0.00762532
248  348   0.000709668 -0.00742353
249  341   0.000695393 -0.00729459
250  308   0.000628097 -0.0066809 
251  317   0.000646451 -0.00684926
252  288   0.000587312 -0.00630396
253  350   0.000713747 -0.0074603 
254  329   0.000670922 -0.00707257
255  266   0.000542448 -0.00588459
256  313   0.000638294 -0.00677452
490370     1           5.76945    
