1    30    0.00291687  -0.024564  
2    20    0.00194458  -0.0175135 
3    16    0.00155566  -0.0145116 
4    28    0.00272241  -0.0231974 
5    19    0.00184735  -0.0167745 
6    24    0.0023335   -0.0204024 
7    26    0.00252795  -0.0218107 
8    27    0.00262518  -0.0225067 
9    22    0.00213904  -0.0189707 
10   31    0.0030141   -0.0252402 
11   36    0.00350024  -0.0285561 
12   41    0.00398639  -0.0317743 
13   47    0.00456976  -0.0355238 
14   50    0.00486145  -0.0373573 
15   36    0.00350024  -0.0285561 
16   42    0.00408362  -0.0324073 
17   40    0.00388916  -0.0311379 
18   29    0.00281964  -0.0238831 
19   83    0.00807001  -0.0561125 
20   45    0.0043753   -0.0342866 
21   52    0.00505591  -0.0385655 
22   55    0.00534759  -0.0403577 
23   34    0.00330579  -0.0272423 
24   50    0.00486145  -0.0373573 
25   15    0.00145843  -0.0137404 
26   29    0.00281964  -0.0238831 
27   51    0.00495868  -0.0379628 
28   41    0.00398639  -0.0317743 
29   44    0.00427807  -0.0336634 
30   47    0.00456976  -0.0355238 
31   41    0.00398639  -0.0317743 
32   40    0.00388916  -0.0311379 
33   16    0.00155566  -0.0145116 
34   35    0.00340301  -0.0279012 
35   32    0.00311133  -0.0259119 
36   60    0.00583374  -0.0432943 
37   37    0.00359747  -0.0292072 
38   52    0.00505591  -0.0385655 
39   32    0.00311133  -0.0259119 
40   65    0.00631988  -0.0461723 
41   40    0.00388916  -0.0311379 
42   72    0.00700049  -0.0501118 
43   45    0.0043753   -0.0342866 
44   68    0.00661157  -0.047873  
45   34    0.00330579  -0.0272423 
46   52    0.00505591  -0.0385655 
47   55    0.00534759  -0.0403577 
48   55    0.00534759  -0.0403577 
49   30    0.00291687  -0.024564  
50   40    0.00388916  -0.0311379 
51   45    0.0043753   -0.0342866 
52   47    0.00456976  -0.0355238 
53   41    0.00398639  -0.0317743 
54   49    0.00476422  -0.036749  
55   35    0.00340301  -0.0279012 
56   57    0.00554205  -0.0415397 
57   33    0.00320856  -0.0265792 
58   48    0.00466699  -0.0361379 
59   59    0.00573651  -0.0427118 
60   61    0.00593097  -0.0438744 
61   22    0.00213904  -0.0189707 
62   39    0.00379193  -0.0304979 
63   44    0.00427807  -0.0336634 
64   41    0.00398639  -0.0317743 
65   23    0.00223627  -0.0196896 
66   20    0.00194458  -0.0175135 
67   36    0.00350024  -0.0285561 
68   30    0.00291687  -0.024564  
69   33    0.00320856  -0.0265792 
70   37    0.00359747  -0.0292072 
71   37    0.00359747  -0.0292072 
72   37    0.00359747  -0.0292072 
73   27    0.00262518  -0.0225067 
74   63    0.00612543  -0.0450278 
75   47    0.00456976  -0.0355238 
76   37    0.00359747  -0.0292072 
77   29    0.00281964  -0.0238831 
78   33    0.00320856  -0.0265792 
79   31    0.0030141   -0.0252402 
80   39    0.00379193  -0.0304979 
81   24    0.0023335   -0.0204024 
82   44    0.00427807  -0.0336634 
83   41    0.00398639  -0.0317743 
84   54    0.00525036  -0.0397629 
85   60    0.00583374  -0.0432943 
86   45    0.0043753   -0.0342866 
87   24    0.0023335   -0.0204024 
88   42    0.00408362  -0.0324073 
89   32    0.00311133  -0.0259119 
90   50    0.00486145  -0.0373573 
91   29    0.00281964  -0.0238831 
92   49    0.00476422  -0.036749  
93   39    0.00379193  -0.0304979 
94   57    0.00554205  -0.0415397 
95   30    0.00291687  -0.024564  
96   53    0.00515314  -0.0391656 
97   26    0.00252795  -0.0218107 
98   27    0.00262518  -0.0225067 
99   21    0.00204181  -0.0182455 
100  34    0.00330579  -0.0272423 
101  51    0.00495868  -0.0379628 
102  44    0.00427807  -0.0336634 
103  32    0.00311133  -0.0259119 
104  31    0.0030141   -0.0252402 
105  40    0.00388916  -0.0311379 
106  51    0.00495868  -0.0379628 
107  64    0.00622265  -0.0456012 
108  31    0.0030141   -0.0252402 
109  45    0.0043753   -0.0342866 
110  28    0.00272241  -0.0231974 
111  53    0.00515314  -0.0391656 
112  34    0.00330579  -0.0272423 
113  23    0.00223627  -0.0196896 
114  25    0.00243072  -0.0211094 
115  42    0.00408362  -0.0324073 
116  38    0.0036947   -0.0298544 
117  46    0.00447253  -0.0349067 
118  42    0.00408362  -0.0324073 
119  49    0.00476422  -0.036749  
120  36    0.00350024  -0.0285561 
121  42    0.00408362  -0.0324073 
122  43    0.00418085  -0.033037  
123  42    0.00408362  -0.0324073 
124  46    0.00447253  -0.0349067 
125  38    0.0036947   -0.0298544 
126  56    0.00544482  -0.04095   
127  34    0.00330579  -0.0272423 
128  57    0.00554205  -0.0415397 
129  268   0.0260574   -0.137118  
130  53    0.00515314  -0.0391656 
131  49    0.00476422  -0.036749  
132  48    0.00466699  -0.0361379 
133  26    0.00252795  -0.0218107 
134  38    0.0036947   -0.0298544 
135  31    0.0030141   -0.0252402 
136  34    0.00330579  -0.0272423 
137  30    0.00291687  -0.024564  
138  23    0.00223627  -0.0196896 
139  21    0.00204181  -0.0182455 
140  28    0.00272241  -0.0231974 
141  25    0.00243072  -0.0211094 
142  34    0.00330579  -0.0272423 
143  27    0.00262518  -0.0225067 
144  27    0.00262518  -0.0225067 
145  20    0.00194458  -0.0175135 
146  39    0.00379193  -0.0304979 
147  29    0.00281964  -0.0238831 
148  27    0.00262518  -0.0225067 
149  50    0.00486145  -0.0373573 
150  44    0.00427807  -0.0336634 
151  36    0.00350024  -0.0285561 
152  44    0.00427807  -0.0336634 
153  23    0.00223627  -0.0196896 
154  47    0.00456976  -0.0355238 
155  29    0.00281964  -0.0238831 
156  31    0.0030141   -0.0252402 
157  27    0.00262518  -0.0225067 
158  37    0.00359747  -0.0292072 
159  86    0.00836169  -0.0577123 
160  40    0.00388916  -0.0311379 
161  30    0.00291687  -0.024564  
162  23    0.00223627  -0.0196896 
163  24    0.0023335   -0.0204024 
164  37    0.00359747  -0.0292072 
165  59    0.00573651  -0.0427118 
166  45    0.0043753   -0.0342866 
167  30    0.00291687  -0.024564  
168  52    0.00505591  -0.0385655 
169  43    0.00418085  -0.033037  
170  36    0.00350024  -0.0285561 
171  51    0.00495868  -0.0379628 
172  59    0.00573651  -0.0427118 
173  22    0.00213904  -0.0189707 
174  35    0.00340301  -0.0279012 
175  49    0.00476422  -0.036749  
176  28    0.00272241  -0.0231974 
177  29    0.00281964  -0.0238831 
178  33    0.00320856  -0.0265792 
179  48    0.00466699  -0.0361379 
180  21    0.00204181  -0.0182455 
181  44    0.00427807  -0.0336634 
182  37    0.00359747  -0.0292072 
183  40    0.00388916  -0.0311379 
184  33    0.00320856  -0.0265792 
185  26    0.00252795  -0.0218107 
186  33    0.00320856  -0.0265792 
187  50    0.00486145  -0.0373573 
188  32    0.00311133  -0.0259119 
189  31    0.0030141   -0.0252402 
190  39    0.00379193  -0.0304979 
191  57    0.00554205  -0.0415397 
192  30    0.00291687  -0.024564  
193  20    0.00194458  -0.0175135 
194  30    0.00291687  -0.024564  
195  35    0.00340301  -0.0279012 
196  32    0.00311133  -0.0259119 
197  24    0.0023335   -0.0204024 
198  41    0.00398639  -0.0317743 
199  47    0.00456976  -0.0355238 
200  28    0.00272241  -0.0231974 
201  34    0.00330579  -0.0272423 
202  52    0.00505591  -0.0385655 
203  60    0.00583374  -0.0432943 
204  41    0.00398639  -0.0317743 
205  28    0.00272241  -0.0231974 
206  49    0.00476422  -0.036749  
207  54    0.00525036  -0.0397629 
208  42    0.00408362  -0.0324073 
209  18    0.00175012  -0.0160282 
210  37    0.00359747  -0.0292072 
211  61    0.00593097  -0.0438744 
212  52    0.00505591  -0.0385655 
213  46    0.00447253  -0.0349067 
214  58    0.00563928  -0.042127  
215  41    0.00398639  -0.0317743 
216  59    0.00573651  -0.0427118 
217  25    0.00243072  -0.0211094 
218  48    0.00466699  -0.0361379 
219  42    0.00408362  -0.0324073 
220  39    0.00379193  -0.0304979 
221  35    0.00340301  -0.0279012 
222  61    0.00593097  -0.0438744 
223  39    0.00379193  -0.0304979 
224  48    0.00466699  -0.0361379 
225  22    0.00213904  -0.0189707 
226  22    0.00213904  -0.0189707 
227  30    0.00291687  -0.024564  
228  36    0.00350024  -0.0285561 
229  49    0.00476422  -0.036749  
230  23    0.00223627  -0.0196896 
231  39    0.00379193  -0.0304979 
232  35    0.00340301  -0.0279012 
233  22    0.00213904  -0.0189707 
234  51    0.00495868  -0.0379628 
235  43    0.00418085  -0.033037  
236  42    0.00408362  -0.0324073 
237  35    0.00340301  -0.0279012 
238  44    0.00427807  -0.0336634 
239  50    0.00486145  -0.0373573 
240  31    0.0030141   -0.0252402 
241  22    0.00213904  -0.0189707 
242  32    0.00311133  -0.0259119 
243  53    0.00515314  -0.0391656 
244  42    0.00408362  -0.0324073 
245  48    0.00466699  -0.0361379 
246  61    0.00593097  -0.0438744 
247  51    0.00495868  -0.0379628 
248  42    0.00408362  -0.0324073 
249  35    0.00340301  -0.0279012 
250  30    0.00291687  -0.024564  
251  57    0.00554205  -0.0415397 
252  28    0.00272241  -0.0231974 
253  45    0.0043753   -0.0342866 
254  54    0.00525036  -0.0397629 
255  42    0.00408362  -0.0324073 
256  31    0.0030141   -0.0252402 
10285      1           7.89291    
